%eval_id interface x1             x2             obj_fn         
1        NO_ID      0.1            0.08           0.62961191     
2        NO_ID      0.09945806852  0.0898141943   0.6302079972   
3        NO_ID      0.09973157558  0.08486107476  0.6288293849   
4        NO_ID      0.09988146524  0.08214662406  0.6294600612   
5        NO_ID      0.09677911854  0.07797999638  0.6282101339   
6        NO_ID      0.09822605938  0.0813522769   0.6244270648   
7        NO_ID      0.09868355978  0.08241854002  0.6279575545   
8        NO_ID      0.09791934392  0.08091436972  0.6293434617   
9        NO_ID      0.09817336235  0.08127703971  0.6273452415   
10       NO_ID      0.09822311491  0.08134807298  0.6275863491   
11       NO_ID      0.09795569314  0.08112194538  0.6274952334   
12       NO_ID      0.09816982012  0.08130436531  0.6271724453   
13       NO_ID      0.0982227919   0.08134949325  0.6278862534   
14       NO_ID      0.09821833554  0.08134569677  0.6274962545   
15       NO_ID      0.09822598214  0.0813522111   0.6242035353   
16       NO_ID      0.09822567319  0.08135194789  0.6276563264   
17       NO_ID      0.09821667138  0.08134298337  0.6277895831   
18       NO_ID      0.09822584149  0.0813520717   0.6273847562   
19       NO_ID      0.09822598211  0.08135221106  0.624203604    
20       NO_ID      0.09821317026  0.08133834076  0.6247398434   
21       NO_ID      0.09822487772  0.08135101543  0.6271799283   
22       NO_ID      0.09822598052  0.08135220934  0.6295188398   
23       NO_ID      0.09821953131  0.08134610184  0.6246408953   
24       NO_ID      0.0982255793   0.08135182959  0.6271934363   
25       NO_ID      0.0982259819   0.08135221087  0.6242039435   
