%eval_id interface c0             c1             c2             obj_fn         
1        NO_ID      1.2            0.01           -0.1           0.07266122321  
2        NO_ID      1.199991663    0.01045414217  -0.1000699742  0.07592266724  
3        NO_ID      1.199997123    0.01015672438  -0.1000241481  0.07077411101  
4        NO_ID      1.199996197    0.0102071762   -0.1000319217  0.07545425037  
5        NO_ID      1.199943382    0.009669733013 -0.1002739408  0.07055323947  
6        NO_ID      1.199968851    0.009900535107 -0.1001555554  0.07382380711  
7        NO_ID      1.199855766    0.008875778032 -0.1006811844  0.0676859484   
8        NO_ID      1.199841032    0.008599340324 -0.1007213121  0.0687009237   
9        NO_ID      1.199850617    0.008779180089 -0.1006952066  0.06841877964  
10       NO_ID      1.199854695    0.008855687461 -0.1006841007  0.06857603982  
11       NO_ID      1.19984836     0.008702681947 -0.1006945773  0.07084769217  
12       NO_ID      1.199854587    0.008848224418 -0.1006833163  0.06833775417  
13       NO_ID      1.199855628    0.008872562178 -0.1006814332  0.07148192598  
14       NO_ID      1.199855744    0.008874985943 -0.1006811677  0.06766756441  
15       NO_ID      1.199855657    0.008871817583 -0.100681101   0.07157465729  
16       NO_ID      1.199855746    0.008875057735 -0.1006811692  0.06766893883  
17       NO_ID      1.199855722    0.008874233623 -0.1006811283  0.06973800964  
18       NO_ID      1.199855744    0.008874978419 -0.1006811673  0.06766723953  
19       NO_ID      1.199855743    0.008874948327 -0.1006811658  0.06766652428  
20       NO_ID      1.199855717    0.008874155415 -0.1006811136  0.06975803504  
21       NO_ID      1.199855743    0.008874940397 -0.1006811652  0.06766644812  
22       NO_ID      1.199855742    0.008874908681 -0.1006811631  0.06766594745  
23       NO_ID      1.199855721    0.008874356932 -0.1006811227  0.06969572075  
24       NO_ID      1.199855741    0.008874903163 -0.1006811627  0.06766585456  
25       NO_ID      1.199855741    0.008874881094 -0.1006811611  0.06766548442  
26       NO_ID      1.199855713    0.008874331334 -0.1006811061  0.06969622663  
27       NO_ID      1.19985574     0.008874875596 -0.1006811606  0.06766537561  
28       NO_ID      1.199855739    0.008874853606 -0.1006811584  0.06766472502  
29       NO_ID      1.199855712    0.008874304163 -0.1006811033  0.06970315274  
30       NO_ID      1.199855739    0.008874848111 -0.1006811578  0.06766451605  
31       NO_ID      1.199855738    0.008874826133 -0.1006811556  0.0676638667   
32       NO_ID      1.199855714    0.008874276477 -0.1006811003  0.06970923515  
33       NO_ID      1.199855738    0.008874820637 -0.1006811551  0.06921511246  
34       NO_ID      1.199855737    0.008874798651 -0.1006811528  0.06920654202  
35       NO_ID      1.199855715    0.008874276432 -0.1006811002  0.0697089277   
36       NO_ID      1.199855738    0.008874820636 -0.1006811551  0.06921511698  
37       NO_ID      1.199855737    0.008874798648 -0.1006811528  0.06920654662  
38       NO_ID      1.199855721    0.008874276308 -0.1006810999  0.06970828051  
39       NO_ID      1.199855738    0.008874820635 -0.1006811551  0.06921511751  
40       NO_ID      1.199855737    0.008874798642 -0.1006811528  0.06920662825  
